cam0:
  cam_overlaps: []
  camera_model: pinhole
  distortion_coeffs: [0.16963340484182485, -0.3019364368457439, 0.001591358454564682,
    0.0003766302702504667]
  distortion_model: radtan
  intrinsics: [1630.9766307037223, 1625.4674003769571, 1020.0104969086332, 728.5052978036812]
  resolution: [2048, 1472]
  rostopic: /cam0/image_raw
