cam0:
  T_cam_imu:
  - [0.1325043484815427, -0.9906237598994511, -0.03327407333276547, -0.0023502389332011354]
  - [-0.9910998555526017, -0.1328519326308737, 0.00845223756476856, -0.0008606689693478316]
  - [-0.012793512304733735, 0.0318579710420197, -0.9994105241210902, -0.001233480530418237]
  - [0.0, 0.0, 0.0, 1.0]
  cam_overlaps: []
  camera_model: pinhole
  distortion_coeffs: [0.16963340484182485, -0.3019364368457439, 0.001591358454564682,
    0.0003766302702504667]
  distortion_model: radtan
  intrinsics: [1630.9766307037223, 1625.4674003769571, 1020.0104969086332, 728.5052978036812]
  resolution: [2048, 1472]
  rostopic: /cam0/image_raw
  timeshift_cam_imu: -0.21768957463553462
